PROT	control.1	control.2	control.3	control.4	control.5	control.6	control.7	control.8	control.9	control.10	mutant.1.A	mutant.1.B	mutant.2	mutant.3
p1	34	48	103	29	13	18	19	11	18	28	31	53	65	37
p2	23	24	48	25	22	31	27	23	20	15	10	17	15	15
p3	29	36	61	26	12	7	12	6	7	16	16	16	23	18
p4	24	30	53	24	12	14	10	10	11	20	25	27	41	54
p5	23	31	64	25	11	9	8	7	7	16	19	18	21	9
p6	0	45	102	27	0	0	0	0	0	26	29	50	55	33
p7	21	26	51	25	4	10	10	6	9	14	22	29	33	30
p8	16	19	45	17	9	10	10	10	8	12	23	38	27	14
p9	17	17	41	20	12	12	9	10	9	5	8	10	9	9
p10	11	14	30	11	13	10	11	7	9	8	2	5	9	2
p11	15	15	29	14	6	8	8	7	6	7	6	10	10	13
p12	12	11	30	8	11	8	8	7	7	7	3	4	6	7
p13	12	13	24	7	8	7	7	4	7	7	0	4	7	3
p14	11	13	22	14	6	5	2	4	3	8	16	22	22	22
p15	9	12	31	13	3	3	3	0	3	3	17	15	19	5
p16	11	12	20	6	5	4	4	0	4	7	4	14	10	8
p17	8	8	17	7	4	5	4	4	4	7	5	8	8	10
p18	4	3	11	6	9	8	7	6	5	3	5	6	7	0
p19	8	8	13	6	3	3	4	2	3	4	4	9	10	19
p20	7	10	13	10	2	0	3	0	3	6	11	19	15	9
p21	7	12	13	10	0	0	2	0	0	6	5	5	6	4
p22	5	5	11	6	4	4	3	4	3	3	4	6	9	6
p23	5	11	18	8	0	0	0	0	2	4	13	16	15	19
p24	5	5	15	5	3	2	0	3	3	6	8	15	9	7
p25	6	0	13	9	2	0	5	3	3	6	9	12	8	3
p26	7	8	13	8	4	0	2	0	0	4	9	14	11	14
p27	6	8	16	10	2	0	2	0	0	2	12	14	9	6
p28	3	3	9	4	3	4	7	3	3	5	2	5	3	7
p29	2	0	7	2	2	6	9	6	8	2	0	0	0	4
p30	3	3	8	3	5	5	3	5	5	3	4	2	3	3
p31	4	9	14	8	0	0	2	0	2	2	7	9	11	0
p32	5	10	16	7	0	0	0	0	0	3	11	18	25	26
p33	6	0	20	6	2	0	0	2	2	2	12	6	12	9
p34	8	7	16	4	0	3	0	0	0	2	10	7	8	6
p35	7	9	13	7	0	0	0	0	0	4	7	10	9	6
p36	7	7	14	8	0	2	0	2	0	0	0	4	6	3
p37	0	2	4	3	2	5	4	6	5	8	3	3	4	2
p38	0	8	14	8	0	4	0	3	0	2	6	5	2	2
p39	4	6	19	3	0	0	0	0	0	5	11	10	9	2
p40	5	7	11	10	0	0	0	0	0	2	3	0	0	0
p41	4	4	10	4	0	3	4	3	3	0	7	9	9	0
p42	2	4	14	0	4	4	3	2	2	0	5	5	0	2
p43	4	7	10	7	0	0	2	0	2	3	6	10	12	10
p44	2	4	17	7	0	2	0	0	2	0	4	9	14	11
p45	4	5	12	8	0	0	0	0	0	4	9	12	11	5
p46	4	7	12	5	0	0	0	0	0	4	13	13	12	5
p47	4	5	7	6	0	2	2	2	2	2	7	9	12	15
p48	0	4	14	7	0	2	2	0	0	3	4	3	3	0
p49	2	4	9	5	0	2	2	2	2	3	3	5	5	0
p50	2	7	9	6	0	0	0	0	0	7	15	14	9	4
p51	6	9	11	0	0	0	0	0	0	2	6	5	8	2
p52	0	2	8	3	2	3	2	3	3	2	0	0	0	0
p53	4	2	10	2	0	3	4	0	3	0	3	3	0	0
p54	0	6	12	7	0	2	0	0	0	0	8	3	2	5
p55	4	4	7	6	0	2	2	2	0	0	9	8	12	11
p56	0	5	7	3	2	3	4	0	3	0	0	0	0	0
p57	7	9	0	11	0	0	0	0	0	0	15	12	18	14
p58	3	2	7	2	2	2	2	3	3	0	0	0	0	0
p59	7	5	8	4	0	0	2	0	0	0	3	2	2	2
p60	11	6	0	0	0	0	0	0	0	9	4	9	9	3
p61	2	3	7	3	0	2	0	2	2	3	0	2	0	0
p62	4	0	7	0	0	3	3	3	3	0	2	0	0	0
p63	4	4	8	7	0	0	0	0	0	0	0	0	0	0
p64	3	7	8	5	0	0	0	0	0	0	3	6	4	4
p65	0	4	9	5	0	0	0	0	0	4	0	4	7	5
p66	3	3	8	2	0	0	2	0	2	2	2	2	2	0
p67	4	5	7	4	0	0	0	0	0	2	0	4	2	0
p68	5	6	6	5	0	0	0	0	0	0	13	11	21	15
p69	5	2	11	3	0	0	0	0	0	0	5	5	3	0
p70	3	5	6	5	0	0	0	0	0	2	3	5	6	5
p71	3	4	8	6	0	0	0	0	0	0	8	9	12	9
p72	3	4	8	5	0	0	0	0	0	0	4	4	5	8
p73	4	4	4	5	0	0	0	0	0	3	4	6	4	5
p74	0	0	0	0	4	4	4	4	4	0	2	3	2	0
p75	3	2	9	5	0	0	0	0	0	0	5	5	5	4
p76	4	3	0	0	0	3	5	2	2	0	8	7	7	7
p77	3	5	7	4	0	0	0	0	0	0	3	5	6	6
p78	0	4	6	5	0	0	0	0	0	4	8	13	14	4
p79	0	5	7	4	0	0	0	0	0	3	6	11	10	8
p80	3	2	6	5	0	0	0	0	0	2	3	2	0	0
p81	0	2	6	3	2	2	0	0	2	0	2	0	0	4
p82	3	3	8	3	0	0	0	0	0	0	2	4	5	4
p83	2	4	9	2	0	0	0	0	0	0	5	4	6	6
p84	0	11	0	0	0	0	0	0	0	6	0	0	0	0
p85	0	4	6	6	0	0	0	0	0	0	6	8	3	4
p86	0	0	0	0	3	3	0	2	0	8	0	0	0	0
p87	0	0	8	8	0	0	0	0	0	0	8	11	0	0
p88	2	3	6	3	0	0	0	0	0	2	4	7	5	7
p89	3	0	4	2	0	2	2	2	0	0	0	0	2	0
p90	0	3	4	2	0	0	2	2	2	0	0	0	0	2
p91	3	6	0	4	0	0	0	0	0	2	10	5	8	10
p92	2	4	6	3	0	0	0	0	0	0	4	4	11	7
p93	0	4	7	4	0	0	0	0	0	0	6	9	5	5
p94	3	3	4	4	0	0	0	0	0	0	2	4	2	6
p95	2	2	6	4	0	0	0	0	0	0	2	0	0	2
p96	0	0	0	3	0	3	2	2	3	0	0	0	0	0
p97	2	4	5	2	0	0	0	0	0	0	6	11	0	6
p98	2	2	6	3	0	0	0	0	0	0	2	2	3	2
p99	2	3	5	3	0	0	0	0	0	0	8	7	5	12
p100	0	0	0	4	2	2	0	0	0	5	0	0	3	0
p101	0	2	7	4	0	0	0	0	0	0	2	2	4	3
p102	0	0	0	0	0	3	3	3	3	0	4	0	0	4
p103	0	5	0	7	0	0	0	0	0	0	7	9	12	11
p104	3	3	4	0	0	0	0	0	0	2	0	0	4	3
p105	0	0	0	4	0	0	2	0	2	3	0	0	0	0
p106	0	0	0	0	3	2	0	0	0	6	2	0	3	0
p107	2	0	5	0	2	2	0	0	0	0	4	2	0	5
p108	2	0	3	3	0	0	0	0	0	3	4	4	3	2
p109	2	0	6	3	0	0	0	0	0	0	0	0	0	0
p110	2	2	4	2	0	0	0	0	0	0	6	4	2	5
p111	2	0	2	2	0	0	0	0	2	2	0	0	2	0
p112	2	2	4	2	0	0	0	0	0	0	2	0	0	0
p113	2	0	5	3	0	0	0	0	0	0	2	2	4	2
p114	0	2	5	3	0	0	0	0	0	0	2	0	4	2
p115	0	2	4	4	0	0	0	0	0	0	0	2	0	0
p116	0	0	0	0	0	0	3	2	3	2	0	0	0	0
p117	0	0	0	0	0	0	3	3	0	4	0	0	2	3
p118	0	3	0	7	0	0	0	0	0	0	8	9	17	31
p119	0	0	0	0	0	2	3	2	2	0	2	2	2	2
p120	0	0	0	0	0	0	2	2	3	2	10	9	8	7
p121	0	0	3	2	0	0	0	0	0	4	3	3	0	5
p122	0	0	0	0	3	3	3	0	0	0	0	2	0	0
p123	0	0	3	0	0	0	0	0	0	6	4	4	4	5
p124	0	0	4	5	0	0	0	0	0	0	5	7	5	7
p125	2	0	0	4	0	3	0	0	0	0	4	3	0	0
p126	0	2	4	0	0	0	0	0	0	2	2	4	5	4
p127	0	0	3	3	2	0	0	0	0	0	6	3	6	3
p128	0	4	4	0	0	0	0	0	0	0	3	5	4	3
p129	0	0	5	0	0	3	0	0	0	0	0	0	0	0
p130	0	0	0	6	0	0	2	0	0	0	0	0	0	0
p131	0	3	0	4	0	0	0	0	0	0	5	8	4	6
p132	0	0	0	7	0	0	0	0	0	0	5	3	5	0
p133	2	1	1	0	0	1	1	1	0	0	3	0	2	2
p134	0	0	7	0	0	0	0	0	0	0	0	0	0	0
p135	0	2	0	0	0	2	2	0	0	0	0	0	0	0
p136	0	2	2	0	0	0	2	0	0	0	3	0	0	2
p137	3	3	0	0	0	0	0	0	0	0	3	3	3	4
p138	0	4	0	0	0	0	0	0	0	2	8	12	17	13
p139	0	3	3	0	0	0	0	0	0	0	2	3	0	3
p140	0	3	0	3	0	0	0	0	0	0	0	2	0	3
p141	0	0	3	3	0	0	0	0	0	0	0	0	0	0
p142	0	0	4	2	0	0	0	0	0	0	4	5	4	5
p143	2	1	1	1	0	1	0	0	0	0	5	6	5	2
p144	2	1	1	1	0	0	0	0	0	1	0	2	0	0
p145	2	1	1	1	0	0	0	0	0	1	3	3	4	3
p146	0	2	1	1	0	0	1	0	0	1	4	7	3	0
p147	2	1	1	1	1	0	0	0	0	0	0	2	0	0
p148	2	1	1	1	0	0	0	0	1	0	0	4	0	0
p149	0	2	1	1	0	0	1	0	1	0	0	3	0	2
p150	0	0	0	0	0	2	0	0	0	4	3	0	3	4
p151	0	0	0	0	0	2	0	0	0	4	0	2	0	0
p152	0	2	3	0	0	0	0	0	0	0	3	3	6	3
p153	0	0	3	2	0	0	0	0	0	0	5	7	5	2
p154	0	0	3	2	0	0	0	0	0	0	3	4	3	4
p155	0	0	0	0	0	0	0	0	2	3	0	2	0	4
p156	0	0	5	0	0	0	0	0	0	0	0	3	4	3
p157	0	0	5	0	0	0	0	0	0	0	2	2	3	4
p158	0	0	0	5	0	0	0	0	0	0	5	5	6	8
p159	0	0	0	0	0	0	0	0	0	5	0	0	0	2
p160	0	2	0	1	0	0	1	0	0	1	0	4	5	8
p161	2	0	1	1	0	0	1	0	0	0	10	13	18	15
p162	2	1	1	1	0	0	0	0	0	0	2	2	0	5
p163	0	2	1	1	0	0	0	0	0	1	4	5	5	2
p164	0	2	1	1	0	0	0	0	0	1	3	4	3	3
p165	2	1	0	0	1	1	0	0	0	0	3	7	7	0
p166	0	0	2	1	0	0	1	1	0	0	3	3	6	5
p167	2	1	1	1	0	0	0	0	0	0	2	2	2	2
p168	2	1	1	1	0	0	0	0	0	0	0	6	0	3
p169	0	2	0	1	1	0	0	0	0	1	0	0	5	3
p170	2	0	1	0	0	0	1	0	1	0	3	0	2	0
p171	0	2	1	1	0	0	0	0	0	1	11	13	13	7
p172	2	0	1	1	0	0	0	1	0	0	0	0	2	2
p173	2	0	0	2	0	0	0	0	0	0	7	2	5	9
p174	2	0	2	0	0	0	0	0	0	0	5	2	0	0
p175	0	2	0	2	0	0	0	0	0	0	9	13	6	0
p176	0	2	2	0	0	0	0	0	0	0	3	3	0	0
p177	0	0	2	2	0	0	0	0	0	0	3	3	5	6
p178	0	0	0	4	0	0	0	0	0	0	7	3	3	9
p179	0	0	0	2	0	2	0	0	0	0	3	4	6	3
p180	0	0	0	2	0	0	2	0	0	0	6	6	6	13
p181	0	0	0	2	0	0	2	0	0	0	0	0	0	0
p182	0	0	0	2	0	0	0	0	0	2	0	2	2	0
p183	0	0	0	0	0	2	0	0	2	0	0	0	0	0
p184	0	0	0	0	0	0	2	0	2	0	0	0	0	0
p185	0	0	4	0	0	0	0	0	0	0	3	2	0	3
p186	0	0	4	0	0	0	0	0	0	0	5	9	0	6
p187	0	0	4	0	0	0	0	0	0	0	2	0	2	8
p188	0	0	0	4	0	0	0	0	0	0	3	0	2	5
p189	0	0	0	4	0	0	0	0	0	0	7	5	0	0
p190	0	0	0	4	0	0	0	0	0	0	4	2	4	4
p191	0	0	0	4	0	0	0	0	0	0	7	8	9	19
p192	0	0	0	4	0	0	0	0	0	0	2	3	4	5
p193	0	0	0	0	0	0	0	0	0	4	5	3	0	0
p194	0	0	4	0	0	0	0	0	0	0	4	5	5	4
p195	0	0	2	0	1	0	0	1	0	0	5	3	4	10
p196	0	0	2	1	0	0	0	0	0	1	6	0	3	2
p197	2	1	0	0	0	0	0	0	0	1	4	6	5	7
p198	2	1	0	1	0	0	0	0	0	0	0	5	2	6
p199	2	0	0	0	0	0	1	1	0	0	3	2	3	4
p200	0	2	0	1	0	0	0	0	0	1	0	3	4	4
p201	2	0	1	1	0	0	0	0	0	0	6	5	3	0
p202	0	0	2	1	1	0	0	0	0	0	0	3	4	2
p203	0	2	1	0	0	0	0	0	0	1	0	2	3	0
p204	0	0	2	0	0	1	1	0	0	0	0	2	0	0
p205	2	1	0	1	0	0	0	0	0	0	0	0	2	2
p206	2	1	0	0	0	0	0	0	0	1	3	2	5	4
p207	0	2	0	1	1	0	0	0	0	0	4	5	3	4
p208	2	0	1	0	0	0	0	0	0	1	0	0	2	2
p209	0	2	1	0	0	0	1	0	0	0	10	4	3	7
p210	0	2	1	1	0	0	0	0	0	0	3	3	3	6
p211	0	0	0	3	0	0	0	0	0	0	3	2	2	0
p212	0	0	3	0	0	0	0	0	0	0	3	0	0	0
p213	0	0	3	0	0	0	0	0	0	0	4	0	4	6
p214	0	0	3	0	0	0	0	0	0	0	0	3	5	3
p215	0	0	3	0	0	0	0	0	0	0	2	2	0	0
p216	0	0	3	0	0	0	0	0	0	0	0	0	2	0
p217	0	0	0	3	0	0	0	0	0	0	3	3	3	0
p218	0	0	0	3	0	0	0	0	0	0	0	5	0	2
p219	0	0	0	3	0	0	0	0	0	0	6	12	5	3
p220	0	0	0	3	0	0	0	0	0	0	2	2	2	2
p221	0	0	0	3	0	0	0	0	0	0	7	7	7	6
p222	0	0	0	3	0	0	0	0	0	0	2	0	0	0
p223	0	0	0	3	0	0	0	0	0	0	0	0	0	0
p224	0	0	0	3	0	0	0	0	0	0	0	0	2	0
p225	0	0	0	3	0	0	0	0	0	0	0	2	0	0
p226	0	0	0	3	0	0	0	0	0	0	0	0	0	0
p227	0	0	0	0	0	0	0	0	0	3	0	3	0	0
p228	0	0	0	0	0	0	0	0	0	3	2	0	0	0
p229	0	0	0	0	0	0	0	0	0	3	0	0	0	0
p230	0	0	0	0	0	0	0	0	0	3	0	0	0	0
p231	0	0	2	0	1	0	0	0	0	0	2	3	7	0
p232	2	0	1	0	0	0	0	0	0	0	0	0	3	3
p233	0	0	0	2	0	0	0	0	0	1	6	3	2	0
p234	0	2	1	0	0	0	0	0	0	0	0	0	3	5
p235	2	0	0	0	0	0	0	0	0	1	3	3	3	2
p236	0	2	1	0	0	0	0	0	0	0	3	5	6	4
p237	0	2	1	0	0	0	0	0	0	0	0	5	0	0
p238	0	0	0	0	2	0	0	0	0	1	0	5	2	5
p239	0	0	0	2	0	0	0	0	0	1	3	2	7	4
p240	0	0	2	1	0	0	0	0	0	0	2	5	3	2
p241	0	2	1	0	0	0	0	0	0	0	0	3	3	3
p242	0	2	0	1	0	0	0	0	0	0	0	5	0	2
p243	0	2	1	0	0	0	0	0	0	0	4	2	2	0
p244	0	2	0	0	0	1	0	0	0	0	2	2	3	4
p245	0	2	0	0	1	0	0	0	0	0	4	6	4	5
p246	0	0	2	0	0	0	0	1	0	0	5	3	5	5
p247	0	3	0	0	0	0	0	0	0	0	0	0	0	0
p248	0	2	0	0	0	0	0	0	0	0	0	0	2	6
p249	2	0	0	0	0	0	0	0	0	0	2	2	0	0
p250	2	0	0	0	0	0	0	0	0	0	0	0	0	0
p251	2	0	0	0	0	0	0	0	0	0	2	0	0	0
p252	0	2	0	0	0	0	0	0	0	0	4	2	6	10
p253	0	2	0	0	0	0	0	0	0	0	5	4	7	7
p254	0	2	0	0	0	0	0	0	0	0	11	11	6	2
p255	0	2	0	0	0	0	0	0	0	0	0	2	4	3
p256	0	2	0	0	0	0	0	0	0	0	0	2	2	2
p257	0	2	0	0	0	0	0	0	0	0	0	0	0	0
p258	0	0	2	0	0	0	0	0	0	0	4	0	0	5
p259	0	0	2	0	0	0	0	0	0	0	5	5	7	5
p260	0	0	2	0	0	0	0	0	0	0	3	2	3	4
p261	0	0	2	0	0	0	0	0	0	0	4	0	3	0
p262	0	0	2	0	0	0	0	0	0	0	3	4	5	6
p263	0	0	0	2	0	0	0	0	0	0	0	3	5	6
p264	0	0	0	2	0	0	0	0	0	0	0	2	2	0
p265	0	0	0	2	0	0	0	0	0	0	0	3	5	4
p266	0	0	0	2	0	0	0	0	0	0	4	4	2	3
p267	0	0	0	2	0	0	0	0	0	0	4	3	0	4
p268	0	0	0	2	0	0	0	0	0	0	2	5	4	8
p269	0	0	0	2	0	0	0	0	0	0	0	2	2	2
p270	0	0	0	2	0	0	0	0	0	0	3	3	3	7
p271	0	0	0	2	0	0	0	0	0	0	2	4	3	0
p272	0	0	0	2	0	0	0	0	0	0	2	0	0	0
p273	0	0	0	2	0	0	0	0	0	0	4	2	2	2
p274	0	0	0	2	0	0	0	0	0	0	0	0	0	0
p275	0	0	0	2	0	0	0	0	0	0	6	5	3	11
p276	0	0	0	2	0	0	0	0	0	0	0	3	0	0
p277	0	0	0	2	0	0	0	0	0	0	3	0	2	2
p278	0	0	0	0	0	2	0	0	0	0	0	0	0	0
p279	0	0	0	0	0	2	0	0	0	0	0	0	0	0
p280	0	0	0	0	0	2	0	0	0	0	0	0	0	0
p281	0	0	0	0	0	0	2	0	0	0	0	0	0	0
p282	0	0	0	2	0	0	0	0	0	0	0	0	0	0
p283	0	0	0	0	0	0	0	0	0	2	0	0	0	0
p284	0	0	0	0	0	0	0	0	0	2	2	2	4	0
p285	0	0	0	0	0	0	0	0	0	2	0	0	0	0
p286	0	0	0	0	0	0	0	0	0	2	0	0	0	0
p287	0	0	0	0	0	0	0	0	0	2	0	2	0	3
p288	0	0	0	0	0	0	0	0	0	2	0	0	0	0
p289	0	0	0	0	0	0	0	0	0	2	0	0	0	0
p290	0	0	0	0	0	0	0	0	0	2	0	3	5	2
p291	0	0	0	2	0	0	0	0	0	0	9	8	10	13
p292	0	0	2	0	0	0	0	0	0	0	6	4	14	7
p293	0	0	0	2	0	0	0	0	0	0	0	5	4	3
p294	0	0	0	2	0	0	0	0	0	0	0	0	3	0
p295	0	0	2	0	0	0	0	0	0	0	2	0	4	4
p296	0	0	0	2	0	0	0	0	0	0	0	0	0	2
p297	0	0	0	0	2	0	0	0	0	0	0	0	0	2
p298	0	0	0	0	0	0	0	0	0	2	0	4	2	5
p299	0	0	0	2	0	0	0	0	0	0	3	2	2	0
p300	0	0	0	2	0	0	0	0	0	0	0	0	0	4
p301	0	0	2	0	0	0	0	0	0	0	2	2	0	2
p302	0	0	0	0	0	0	0	0	2	0	5	0	2	2
p303	0	0	0	2	0	0	0	0	0	0	3	2	2	0
p304	0	0	0	2	0	0	0	0	0	0	2	3	3	7
p305	2	0	0	0	0	0	0	0	0	0	0	0	3	2
p306	0	0	0	2	0	0	0	0	0	0	4	3	4	6
p307	0	2	0	0	0	0	0	0	0	0	0	4	4	5
p308	0	0	0	2	0	0	0	0	0	0	3	2	4	2
p309	0	0	0	2	0	0	0	0	0	0	0	0	0	2
p310	0	0	0	0	0	0	0	0	0	2	0	2	2	2
p311	0	2	0	0	0	0	0	0	0	0	2	2	2	2
p312	0	0	0	0	0	0	2	0	0	0	2	3	0	3
